-5.052995008315488285e-04
-5.321322202910523744e-04
-5.278045852138970803e-04
-4.808118695179290549e-04
-3.768232750452330969e-04
-2.002081350760408522e-04
6.324146321581330845e-05
4.226286794821259804e-04
8.777762314611131135e-04
1.415205201624778614e-03
2.005019408242633954e-03
2.599445065246135458e-03
3.133658218426375180e-03
3.529303176983768480e-03
3.700783863864544158e-03
3.564031319730790945e-03
3.047060215400962131e-03
2.101276673419510705e-03
7.122399539971833700e-04
-1.091544615286638761e-03
-3.233184341488339400e-03
-5.586475639988188781e-03
-7.980279779024723047e-03
-1.020845749249299321e-02
-1.204501285627649319e-02
-1.326346484436045393e-02
-1.365888250235182746e-02
-1.307055858798705610e-02
-1.140301977978725942e-02
-8.643025193571083134e-03
-4.870411728132724091e-03
-2.611001610738690362e-04
4.918752885801625820e-03
1.032764389965411603e-02
1.557193383168201800e-02
2.023577336302236074e-02
2.391535463686709356e-02
2.625452245519130021e-02
2.697846879183680296e-02
2.592224091213603601e-02
2.305112884715395521e-02
1.847064155702903693e-02
1.242467872982291541e-02
5.281574269266372905e-03
-2.491174817985291993e-03
-1.036158714875178369e-02
-1.777443859802614948e-02
-2.419553761008985671e-02
-2.915514716993012484e-02
-3.228667671941477801e-02
9.673573510428721267e-01
-3.228667671941477801e-02
-2.915514716993012137e-02
-2.419553761008985671e-02
-1.777443859802614948e-02
-1.036158714875178195e-02
-2.491174817985291560e-03
5.281574269266372038e-03
1.242467872982291367e-02
1.847064155702903346e-02
2.305112884715395175e-02
2.592224091213602560e-02
2.697846879183679603e-02
2.625452245519130021e-02
2.391535463686709009e-02
2.023577336302236074e-02
1.557193383168201106e-02
1.032764389965411429e-02
4.918752885801624085e-03
-2.611001610738689278e-04
-4.870411728132723224e-03
-8.643025193571081399e-03
-1.140301977978725768e-02
-1.307055858798704569e-02
-1.365888250235182226e-02
-1.326346484436045046e-02
-1.204501285627648799e-02
-1.020845749249299321e-02
-7.980279779024716108e-03
-5.586475639988186179e-03
-3.233184341488339400e-03
-1.091544615286637893e-03
7.122399539971833700e-04
2.101276673419508537e-03
3.047060215400960396e-03
3.564031319730786174e-03
3.700783863864540255e-03
3.529303176983768480e-03
3.133658218426370844e-03
2.599445065246133724e-03
2.005019408242631352e-03
1.415205201624777529e-03
8.777762314611131135e-04
4.226286794821252214e-04
6.324146321581326780e-05
-2.002081350760406353e-04
-3.768232750452328800e-04
-4.808118695179290549e-04
-5.278045852138967551e-04
-5.321322202910523744e-04
-5.052995008315488285e-04
